10,25
10,123
10,263
10,137
10,259
10,205
10,155
10,35
10,2
10,3
11,5
11,13
11,17
11,23
11,21
11,29
9,5
8,18
8,13
8,8
8,16
176,3
176,2
176,0
155,5
155,4
155,3
155,2
155,1
155,0
150,6
150,5
150,4
150,3
150,2
150,1
150,0
110,2
110,0
106,5
106,4
106,3
106,2
106,1
106,0
104,5
104,4
104,3
104,2
104,1
104,0
100,5
100,4
100,3
100,2
100,1
100,0
98,5
98,4
98,3
98,2
98,1
98,0
96,5
96,4
96,3
96,2
96,1
96,0
94,5
94,4
94,3
94,2
94,1
94,0
92,5
92,4
92,3
92,2
92,1
89,3
89,1
87,3
87,2
87,1
84,3
84,1
81,3
81,2
81,1
20,3
20,2
20,1
19,3
19,2
19,1
14,5
14,4
12,3
12,2
12,1
11,28
18,1
11,24
11,22
11,20
11,18
11,14
11,12
11,10
18,3
11,8
11,6
11,4
11,3
11,2
11,1
10,308
10,278
10,264
10,152
10,122
